[gd_scene load_steps=13 format=3 uid="uid://bgx4kvwwytgf5"]

[ext_resource type="Script" uid="uid://rn5fmmer8xuu" path="res://demo/DemoScript/demo_script.gd" id="1_2crre"]
[ext_resource type="Script" uid="uid://0pojlmrsgfkn" path="res://demo/DemoScript/camera_script.gd" id="2_cntj6"]
[ext_resource type="Script" uid="uid://e3f1ox6y6cvg" path="res://addons/Gizmo3DScript/gizmo3D.gd" id="3_6yall"]
[ext_resource type="PackedScene" uid="uid://k7cn617qhred" path="res://kenney_mini_dungeon/coin.tscn" id="4_litru"]
[ext_resource type="PackedScene" uid="uid://bv1ou84a8bc8x" path="res://kenney_mini_dungeon/barrel.tscn" id="5_3ni3d"]
[ext_resource type="PackedScene" uid="uid://ds8vk7frg2dkf" path="res://kenney_mini_dungeon/chest.tscn" id="6_y0ppl"]
[ext_resource type="PackedScene" uid="uid://dwfqumpuu1kp2" path="res://kenney_mini_dungeon/column.tscn" id="7_l462b"]
[ext_resource type="PackedScene" uid="uid://b0viia12g476x" path="res://kenney_mini_dungeon/rocks.tscn" id="8_xpbsx"]
[ext_resource type="PackedScene" uid="uid://b15l6tnysy5yl" path="res://kenney_mini_dungeon/stairs.tscn" id="9_f76j0"]

[sub_resource type="Environment" id="Environment_nlrnx"]

[sub_resource type="StandardMaterial3D" id="StandardMaterial3D_ggl13"]
albedo_color = Color(0.342716, 0.199815, 0.136545, 1)

[sub_resource type="PlaneMesh" id="PlaneMesh_5ilx2"]
material = SubResource("StandardMaterial3D_ggl13")
size = Vector2(50, 50)

[node name="DemoScript" type="Node3D" node_paths=PackedStringArray("gizmo", "camera", "custom_label")]
script = ExtResource("1_2crre")
gizmo = NodePath("Gizmo3D")
camera = NodePath("Camera")
custom_label = NodePath("UI/Controls/PanelContainer/MarginContainer/VBoxContainer/CustomGizmo")

[node name="WorldEnvironment" type="WorldEnvironment" parent="."]
environment = SubResource("Environment_nlrnx")

[node name="DirectionalLight3D" type="DirectionalLight3D" parent="."]
transform = Transform3D(0.838671, 0.221525, -0.497553, 0, 0.913545, 0.406737, 0.544639, -0.341118, 0.766164, -2.5, 1.5, 0)
shadow_enabled = true

[node name="Gizmo3D" type="Node3D" parent="."]
script = ExtResource("3_6yall")
_colors = Array[Color]([Color(0.110124, 0.605119, 0.705983, 1), Color(0.073115, 0.456205, 0.535289, 1), Color(0.0479613, 0.352446, 0.415412, 1)])
_selection_box_color = Color(0.702439, 0.601297, 0.864144, 1)

[node name="Camera" type="Camera3D" parent="." node_paths=PackedStringArray("gizmo", "message")]
transform = Transform3D(0.999429, 0.0168916, -0.029257, 0, 0.866025, 0.5, 0.0337832, -0.499715, 0.865531, -0.10642, 1, 2.01268)
script = ExtResource("2_cntj6")
gizmo = NodePath("../Gizmo3D")
message = NodePath("../UI/Message")

[node name="Objects" type="Node3D" parent="."]

[node name="Floor" type="MeshInstance3D" parent="Objects"]
mesh = SubResource("PlaneMesh_5ilx2")
skeleton = NodePath("../..")

[node name="coin" parent="Objects" instance=ExtResource("4_litru")]
transform = Transform3D(0.999429, 0, -0.0337831, 0, 1, 0, 0.0337831, 0, 0.999429, -0.038854, 0, 0.013826)

[node name="barrel" parent="Objects" instance=ExtResource("5_3ni3d")]
transform = Transform3D(0.999429, 0, -0.0337831, 0, 1, 0, 0.0337831, 0, 0.999429, 1.99379, 0, -0.918037)

[node name="chest" parent="Objects" instance=ExtResource("6_y0ppl")]
transform = Transform3D(0.999429, 0, -0.0337831, 0, 1, 0, 0.0337831, 0, 0.999429, -2.00393, 0, -1.05317)

[node name="column" parent="Objects" instance=ExtResource("7_l462b")]
transform = Transform3D(0.999429, 0, -0.0337831, 0, 1, 0, 0.0337831, 0, 0.999429, 1.02814, 0, -1.95125)

[node name="rocks" parent="Objects" instance=ExtResource("8_xpbsx")]
transform = Transform3D(0.999429, 0, -0.0337831, 0, 1, 0, 0.0337831, 0, 0.999429, -0.936934, 0, -3.01824)

[node name="stairs" parent="Objects" instance=ExtResource("9_f76j0")]
transform = Transform3D(0.999429, 0, -0.0337831, 0, 1, 0, 0.0337831, 0, 0.999429, -2.93579, 0, -3.08581)

[node name="UI" type="CanvasLayer" parent="."]

[node name="Controls" type="MarginContainer" parent="UI"]
offset_right = 106.0
offset_bottom = 112.0
theme_override_constants/margin_left = 8
theme_override_constants/margin_top = 8

[node name="PanelContainer" type="PanelContainer" parent="UI/Controls"]
layout_mode = 2

[node name="MarginContainer" type="MarginContainer" parent="UI/Controls/PanelContainer"]
layout_mode = 2
theme_override_constants/margin_left = 8
theme_override_constants/margin_top = 8
theme_override_constants/margin_right = 8
theme_override_constants/margin_bottom = 8

[node name="VBoxContainer" type="VBoxContainer" parent="UI/Controls/PanelContainer/MarginContainer"]
layout_mode = 2

[node name="Header" type="Label" parent="UI/Controls/PanelContainer/MarginContainer/VBoxContainer"]
layout_mode = 2
text = "Controls"

[node name="HSeparator3" type="HSeparator" parent="UI/Controls/PanelContainer/MarginContainer/VBoxContainer"]
layout_mode = 2

[node name="Move" type="Label" parent="UI/Controls/PanelContainer/MarginContainer/VBoxContainer"]
layout_mode = 2
text = "Move: WASD"

[node name="Look" type="Label" parent="UI/Controls/PanelContainer/MarginContainer/VBoxContainer"]
layout_mode = 2
text = "Look: RMB"

[node name="Select" type="Label" parent="UI/Controls/PanelContainer/MarginContainer/VBoxContainer"]
layout_mode = 2
text = "De/select: LMB"

[node name="AddTarget" type="Label" parent="UI/Controls/PanelContainer/MarginContainer/VBoxContainer"]
layout_mode = 2
text = "Add Target: Shift + LMB"

[node name="Gizmo" type="Label" parent="UI/Controls/PanelContainer/MarginContainer/VBoxContainer"]
layout_mode = 2
text = "Gizmo: LMB"

[node name="HSeparator2" type="HSeparator" parent="UI/Controls/PanelContainer/MarginContainer/VBoxContainer"]
layout_mode = 2

[node name="Snap" type="Label" parent="UI/Controls/PanelContainer/MarginContainer/VBoxContainer"]
layout_mode = 2
text = "Snap: CTRL"

[node name="ShiftSnap" type="Label" parent="UI/Controls/PanelContainer/MarginContainer/VBoxContainer"]
layout_mode = 2
text = "Fine Snap: CTRL + SHIFT"

[node name="LocalSpace" type="Label" parent="UI/Controls/PanelContainer/MarginContainer/VBoxContainer"]
layout_mode = 2
text = "Local Space: T"

[node name="CustomGizmo" type="Label" parent="UI/Controls/PanelContainer/MarginContainer/VBoxContainer"]
layout_mode = 2
text = "Custom Gizmo: G"

[node name="HSeparator" type="HSeparator" parent="UI/Controls/PanelContainer/MarginContainer/VBoxContainer"]
layout_mode = 2

[node name="ToggleMove" type="Label" parent="UI/Controls/PanelContainer/MarginContainer/VBoxContainer"]
layout_mode = 2
text = "Toggle Move: 1"

[node name="ToggleRotate" type="Label" parent="UI/Controls/PanelContainer/MarginContainer/VBoxContainer"]
layout_mode = 2
text = "Toggle Rotate: 2"

[node name="ToggleScale" type="Label" parent="UI/Controls/PanelContainer/MarginContainer/VBoxContainer"]
layout_mode = 2
text = "Toggle Scale: 3"

[node name="Message" type="Label" parent="UI"]
offset_right = 40.0
offset_bottom = 23.0
